fcf3a4cb00000000000000000000000000000000
2551525511167239131661992237195177210183235
2532406112021222320623220256158345204162242
76751491592411121837100232132391561940207
20167163624518822767724429211171108247138
12524710712261841531796266240711852784111


616e746976622e61646d316e2e636a622e6e6574004f7368656e746120466c756420312e3000000000000000000000000000000000000000000000000000000000000000000000000000000000000000000000000000000000003c30
44125249114178166183918324814626158202253187
18335207222761276955131124622324436701
131362481372362553814494271141814094173233
101281774601121993111062391032072517191
197891022252071861618114420723921219735193173
19111584622112372421392434479174184157181
54472191371372181782237801088068122073
52115252272101922515413216217617411334147
12253133319810224321471051411018515317186
11014765542319922213816059217214841057370
1419965108218613349217391912095675207186
19130691051061017416176204181225116173210171
5841165325011278191139186242491993614268
2441691232602451914945921967921323089225
8258167015187106701031416018818514921158
4722710121721115610427296819423414217116184
5455195224731893418217569201248466914237
10623222016218613269928239143243140218174
100232654713920564193191129912882229157239
17211673724317411519387241143190123173857
424711787952238112105166090209149192252
12218101206144212530142172182481801176211
239149222166262192259611682179611857018694
2192919188255377628111167701287252104106
209214204984713222401732501151367920060
361433313615534711221489224715135168211192
2314213134541641912201741321631271194218542
109153243182721412541972222022116023745138
321098411414411717921222314264190228154230
26799115871582069142922771355819155
14321361992462272067637126882241417718023
85198114819155211151010522535187231123
12511812221618911891471896717573131139174182
374532332724722413719170291336717616688
23017813571994162155848140462091527053
17415917311625322439243105106143301707417375
1221961241012543715518284189385325248156142
12524710712261841531796266240711852784111
12524710712261841531796266240711852784111
12524710712261841531796266240711852784111
12524710712261841531796266240711852784111
12524710712261841531796266240711852784111
12524710712261841531796266240711852784111
12524710712261841531796266240711852784111
12524710712261841531796266240711852784111
12524710712261841531796266240711852784111
12524710712261841531796266240711852784111
12524710712261841531796266240711852784111
12524710712261841531796266240711852784111
12524710712261841531796266240711852784111
12524710712261841531796266240711852784111
12524710712261841531796266240711852784111
12524710712261841531796266240711852784111
12524710712261841531796266240711852784111
12524710712261841531796266240711852784111
12524710712261841531796266240711852784111
12524710712261841531796266240711852784111
12524710712261841531796266240711852784111
12524710712261841531796266240711852784111
12524710712261841531796266240711852784111
12524710712261841531796266240711852784111
12524710712261841531796266240711852784111
12524710712261841531796266240711852784111
12524710712261841531796266240711852784111
12524710712261841531796266240711852784111
12524710712261841531796266240711852784111
12524710712261841531796266240711852784111
12524710712261841531796266240711852784111
12524710712261841531796266240711852784111
12524710712261841531796266240711852784111
12524710712261841531796266240711852784111
12524710712261841531796266240711852784111
12524710712261841531796266240711852784111
12524710712261841531796266240711852784111
12524710712261841531796266240711852784111
23521910510110024018124218316545753878177225
23424138622421801371131551822451306836157
